1195 1194 1194 1194 1194 1194 1194 1194 1194 1194 1194 1194 1194 1192 1192 1192 1192 1192 1192 1192 1192 1192 1192 1192 1192 1194 1194 1194 1194 1194
1195 1194 1194 1194 1194 1194 1194 1194 1194 1194 1194 1194 1194 1192 1192 1192 1192 1192 1192 1192 1192 1192 1192 1192 1192 1194 1194 1194 1194 1194
1195 1194 1194 1194 1194 1194 1194 1194 1194 1194 1194 1194 1194 1192 1192 1192 1192 1192 1192 1192 1192 1192 1192 1192 1192 1194 1194 1194 1194 1194
1195 1194 1194 1194 1194 1194 1194 1194 1194 1194 1194 1194 1194 1192 1192 1192 1192 1192 1192 1192 1192 1192 1192 1192 1192 1194 1194 1194 1194 1194
1195 1194 1194 1194 1194 1194 1194 1194 1194 1194 1194 1194 1194 1192 1192 1192 1192 1192 1192 1192 1192 1192 1192 1192 1192 1194 1194 1194 1194 1194
1195 1194 1194 1194 1194 1194 1194 1194 1194 1194 1194 1194 1194 1192 1192 1192 1192 1192 1192 1192 1192 1192 1192 1192 1192 1194 1194 1194 1194 1194
1195 1194 1194 1194 1194 1194 1194 1194 1194 1194 1194 1194 1194 1192 1192 1192 1192 1192 1192 1192 1192 1192 1192 1192 1192 1194 1194 1194 1194 1194
1195 1194 1194 1194 1194 1194 1194 1194 1194 1194 1194 1194 1194 1192 1192 1192 1192 1192 1192 1192 1192 1192 1192 1192 1192 1194 1194 1194 1194 1194
1195 1194 1194 1194 1194 1194 1194 1194 1194 1194 1194 1194 1194 1192 1192 1192 1192 1192 1192 1192 1192 1192 1192 1192 1192 1194 1194 1194 1194 1194
1195 1194 1194 1194 1194 1194 1194 1194 1194 1194 1194 1194 1194 1192 1192 1192 1192 1192 1192 1192 1192 1192 1192 1192 1192 1194 1194 1194 1194 1194
1195 1194 1194 1194 1194 1194 1194 1194 1194 1194 1194 1194 1194 1192 1192 1192 1192 1192 1192 1192 1192 1192 1192 1192 1192 1194 1194 1194 1194 1194
1194 1192 1192 1192 1192 1192 1192 1192 1192 1192 1192 1192 1192 1191 1191 1191 1191 1191 1191 1191 1191 1191 1191 1191 1191 1194 1194 1194 1194 1194
1194 1192 1192 1192 1192 1192 1192 1192 1192 1192 1192 1192 1192 1191 1191 1191 1191 1191 1191 1191 1191 1191 1191 1191 1191 1194 1194 1194 1194 1194
1194 1192 1192 1192 1192 1192 1192 1192 1192 1192 1192 1192 1192 1191 1191 1191 1191 1191 1191 1191 1191 1191 1191 1191 1191 1194 1194 1194 1194 1194
1194 1192 1192 1192 1192 1192 1192 1192 1192 1192 1192 1192 1192 1191 1191 1191 1191 1191 1191 1191 1191 1191 1191 1191 1191 1194 1194 1194 1194 1194
1194 1192 1192 1192 1192 1192 1192 1192 1192 1192 1192 1192 1192 1191 1191 1191 1191 1191 1191 1191 1191 1191 1191 1191 1191 1194 1194 1194 1194 1194
1194 1192 1192 1192 1192 1192 1192 1192 1192 1192 1192 1192 1192 1191 1191 1191 1191 1191 1191 1191 1191 1191 1191 1191 1191 1194 1194 1194 1194 1194
1193 1191 1191 1191 1191 1191 1191 1191 1191 1191 1191 1191 1191 1191 1191 1191 1191 1191 1191 1191 1191 1191 1191 1191 1191 1193 1193 1193 1193 1193
1193 1191 1191 1191 1191 1191 1191 1191 1191 1191 1191 1191 1191 1191 1191 1191 1191 1191 1191 1191 1191 1191 1191 1191 1191 1193 1193 1193 1193 1193
1193 1191 1191 1191 1191 1191 1191 1191 1191 1191 1191 1191 1191 1191 1191 1191 1191 1191 1191 1191 1191 1191 1191 1191 1191 1193 1193 1193 1193 1193
1193 1191 1191 1191 1191 1191 1191 1191 1191 1191 1191 1191 1191 1191 1191 1191 1191 1191 1191 1191 1191 1191 1191 1191 1191 1193 1193 1193 1193 1193
1193 1191 1191 1191 1191 1191 1191 1191 1191 1191 1191 1191 1191 1191 1191 1191 1191 1191 1191 1191 1191 1191 1191 1191 1191 1193 1193 1193 1193 1193
1193 1191 1191 1191 1191 1191 1191 1191 1191 1191 1191 1191 1191 1191 1191 1191 1191 1191 1191 1191 1191 1191 1191 1191 1191 1193 1193 1193 1193 1193
1192 1192 1192 1192 1192 1192 1192 1192 1192 1192 1192 1192 1192 1192 1192 1192 1192 1192 1192 1191 1191 1191 1191 1191 1191 1192 1192 1192 1192 1192
1192 1192 1192 1192 1192 1192 1192 1192 1192 1192 1192 1192 1192 1192 1192 1192 1192 1192 1192 1191 1191 1191 1191 1191 1191 1192 1192 1192 1192 1192
1192 1192 1192 1192 1192 1192 1192 1192 1192 1192 1192 1192 1192 1192 1192 1192 1192 1192 1192 1191 1191 1191 1191 1191 1191 1192 1192 1192 1192 1192
1192 1192 1192 1192 1192 1192 1192 1192 1192 1192 1192 1192 1192 1192 1192 1192 1192 1192 1192 1191 1191 1191 1191 1191 1191 1192 1192 1192 1192 1192
1192 1192 1192 1192 1192 1192 1192 1192 1192 1192 1192 1192 1192 1192 1192 1192 1192 1192 1192 1191 1191 1191 1191 1191 1191 1192 1192 1192 1192 1192
1192 1192 1192 1192 1192 1192 1192 1192 1192 1192 1192 1192 1192 1192 1192 1192 1192 1192 1192 1191 1191 1191 1191 1191 1191 1192 1192 1192 1192 1192
1192 1193 1193 1193 1193 1193 1193 1193 1193 1193 1193 1193 1193 1192 1192 1192 1192 1192 1192 1192 1192 1192 1192 1192 1192 1192 1192 1192 1192 1192
